4
0.000390419
0.135808883
0.028605335
0.063967995
0.006312514
0.094882246
-0.114066555
-0.112800051
-0.123113613
-0.159273283
-0.082184310
-0.187094419
-0.212991200
-0.114875339
-0.156232006
0.055824364
0.091292846
-0.037650681
0.066284067
0.131155183
-0.157636467
0.231823041
-0.028827933
-0.058610066
-0.086874743
0.058711781
0.031638526
0.051950995
0.069199651
-0.240091957
0.002884860
-0.045882024
-0.001851939
0.027037299
0.085181187
0.011627509
-0.022859934
-0.100841447
0.002581694
-0.132066246
0.001816726
0.068070090
-0.008804029
-0.170315347
0.072503312
0.064723955
-0.143469445
0.032224290
-0.152110666
-0.017255514
0.205400314
-0.059346295
-0.007654833
0.077918240
-0.049635129
0.063809487
0.137936660
0.002160707
0.024721452
0.066413260
-0.161584258
0.047100286
-0.287088445
0.021268562
0.027649830
0.036675331
-0.102396204
-0.057634580
0.003496283
-0.103308112
-0.184895465
-0.041156264
-0.044570399
0.094892609
-0.107075106
0.114624385
-0.092429508
-0.103589999
0.049928426
0.200654032
-0.107467793
-0.050976717
-0.005199647
-0.059803890
-0.063847846
-0.010835798
-0.049947580
-0.067080898
-0.150709179
0.113149942
-0.131438152
0.003928933
0.051560382
0.051168690
-0.016651207
0.010959005
-0.109652120
0.016369872
-0.020545632
-0.041145404
